c
r -85 -25 1100
o -53 48 -50 52
r 38 -82 11
r 30 -91 101
o -52 -68 -40 -67
r 73 63 11
r 11 83 10
o 31 -55 33 -46
S
r -68 64 1110
r 92 56 1011
o 70 48 87 49
r 78 -54 1011
o 69 -53 72 -49
S
r 74 10 1000
o 43 -19 48 -19
r -19 -11 1010
a -90 -49 1
a 28 -21 1010
o 38 14 40 18
o -29 32 -18 32
a -15 -78 111
r 59 64 111
S
r 12 62 0
S
o -53 96 -38 96
r -38 78 1000
r -2 22 100
a -43 81 1110
S
r 18 -62 111
o -26 69 -19 70
r -27 39 11
S
a 72 -21 1000
o -4 58 9 58
r 93 -78 1011
r 38 46 10
r -67 -73 11
a -24 -76 1001
r -89 82 1010
S
o -100 -53 -80 -52
a -38 -99 1100
r 3 -92 10
o -80 -64 -78 -57
o 99 90 108 92
r 47 49 1001
a -83 -84 100
r -66 -9 10
o 21 -55 26 -51
r 32 35 1100
r 95 -18 1001
o -11 22 -1 23
r -22 -8 0
a -17 -42 10
o 85 -99 89 -98
S
a 28 -6 101
r 89 44 1011
o -3 57 12 58
r 78 -23 1101
r -30 62 1
r 50 -62 111
r -84 -17 1000
a -76 -5 1101
o -78 -2 -70 -2
o 45 -86 49 -85
S
r 35 47 1001
r 57 75 11
r 78 69 100
r 16 -43 11
r -86 -99 1001
r 9 -90 1
r -13 -36 10
o 22 72 23 75
r -2 13 0
r -63 3 1100
r -85 -11 111
r 19 42 101
r -45 -13 1101
o -21 -99 -20 -87
o -71 41 -52 42
r 73 66 11
o -79 90 -70 91
a 97 81 1011
o -1 81 6 83
o -1 55 2 57
o -68 -69 -49 -68
o -1 30 16 30
a -84 -67 11
r 92 75 1110
o 78 -58 98 -58
o 78 92 90 93
r -32 -66 0
o -44 -18 -29 -18
o 68 71 75 73
r 45 -25 1101
o -64 -82 -55 -82
o 54 -10 63 -9
o 3 -100 6 -97
r 100 51 1011
a 66 -91 110
r 13 12 10
r 8 -79 1101
S
a -18 29 0
f